[CARRES :0,0,200,255,255,255,100;]
[CARRES :50,10,100,255,255,0,100,1;]
[RECTANGLES :50,110,20,50,255,255,0,100,1;]
[RECTANGLES :130,110,20,50,255,255,0,100,1;]
[CARRES :50,160,20,0,0,0,100,1;]
[CARRES :130,160,20,0,0,0,100,1;]
[CARRES :55,55,10,255,0,0,100,2;]
[CARRES :135,55,10,255,0,0,100,2;]
[CARRES :65,80,20,0,0,0,100,2;]
[CARRES :115,80,20,0,0,0,100,2;]
[CARRES :65,80,10,255,255,255,100,3;]
[CARRES :115,80,10,255,255,255,100,3;]
[RECTANGLES :80,25,20,40,255,0,0,100,2;]
[RECTANGLES :90,25,10,20,255,0,255,100,3;]
